06030001
00000104
00000011
000001C0
00000001
0001D020
0000002C
00000001
00000000
00000000
00000000
80000000
00000000
00000000
02000000
00000081
00000018
0001D024
00000000
00000000
00000000
00000000
0001D214
00000001
00000001
0601D040
0000002C
00002400
00000000
00000000
00000000
80000000
00000000
00000000
02000000
00000081
00000018
0601D044
00000001
00000000
00000000
00000000
0601D214
00000002
00000001
0201D060
0000002C
00003600
00000000
00000000
00000000
80000000
00000000
00000000
02000000
00000081
00000018
0201D064
00000002
00000000
00000000
00000000
0201D214
00000003
00000001
0201D080
0000002C
00018000
00000000
00000000
00000000
80000000
00000000
00000000
02000000
00000081
00000018
0201D084
00000003
00000000
00000000
00000000
0201D21C
00000004
00000001
0401D000
0000002C
00000001
00000000
00000000
00000000
80000000
00000000
00000000
02000000
00000081
00000018
0401D004
00000004
00000000
00000000
00000003
0401D200
00000F00
00000F00
00000000
0401D204
80000000
00000080
00000010
00020000
00010100
