06030001
00000104
00000089
00000944
00000000
003340D0
007A0000
00000000
003340D4
00000001
00000000
003340E0
4B252221
00000000
003340E4
1A2D2C4F
00000000
0033FF00
00000121
00000000
0033FF04
00000000
00000000
00334000
00007A00
00000001
0201D1E0
0000002C
00004000
00010000
40080000
00000000
80000000
00000000
00000000
02000000
00000081
00000018
0201D1E4
00000002
00010000
00000000
00000000
0201D20C
0000000F
00000000
004340D0
007A0000
00000000
004340D4
00000002
00000000
004340E0
4B252221
00000000
004340E4
1A2D2C4F
00000000
0043FF00
00000121
00000000
0043FF04
00000000
00000000
00434000
00007A00
00000001
0201D1C0
0000002C
00004000
00010000
40100000
00000000
80000000
00000000
00000000
02000000
00000081
00000018
0201D1C4
00000002
00010000
00000000
00000000
0201D20C
0000000E
00000000
005340D0
007A0000
00000000
005340D4
00000003
00000000
005340E0
4B252221
00000000
005340E4
1A2D2C4F
00000000
0053FF00
00000121
00000000
0053FF04
00000000
00000000
00534000
00007A00
00000001
0201D1A0
0000002C
00004000
00010000
40180000
00000000
80000000
00000000
00000000
02000000
00000081
00000018
0201D1A4
00000002
00010000
00000000
00000000
0201D20C
0000000D
00000000
023340D0
007A0000
00000000
023340D4
00000004
00000000
023340E0
4B252221
00000000
023340E4
1A2D2C4F
00000000
0233FF00
00000121
00000000
0233FF04
00000000
00000000
02334000
00007A00
00000001
0201D180
0000002C
00004000
00010000
40200000
00000000
80000000
00000000
00000000
02000000
00000081
00000018
0201D184
00000002
00010000
00000000
00000000
0201D20C
0000000C
00000000
024340D0
007A0000
00000000
024340D4
00000005
00000000
024340E0
4B252221
00000000
024340E4
1A2D2C4F
00000000
0243FF00
00000121
00000000
0243FF04
00000000
00000000
02434000
00007A00
00000001
0201D160
0000002C
00004000
00010000
40280000
00000000
80000000
00000000
00000000
02000000
00000081
00000018
0201D164
00000002
00010000
00000000
00000000
0201D20C
0000000B
00000000
025340D0
007A0000
00000000
025340D4
00000006
00000000
025340E0
4B252221
00000000
025340E4
1A2D2C4F
00000000
0253FF00
00000121
00000000
0253FF04
00000000
00000000
02534000
00007A00
00000001
0201D140
0000002C
00004000
00010000
40300000
00000000
80000000
00000000
00000000
02000000
00000081
00000018
0201D144
00000002
00010000
00000000
00000000
0201D20C
0000000A
00000000
043340D0
007A0000
00000000
043340D4
00000007
00000000
043340E0
4B252221
00000000
043340E4
1A2D2C4F
00000000
0433FF00
00000121
00000000
0433FF04
00000000
00000000
04334000
00007A00
00000001
0201D120
0000002C
00004000
00010000
40380000
00000000
80000000
00000000
00000000
02000000
00000081
00000018
0201D124
00000002
00010000
00000000
00000000
0201D20C
00000009
00000000
044340D0
007A0000
00000000
044340D4
00000008
00000000
044340E0
4B252221
00000000
044340E4
1A2D2C4F
00000000
0443FF00
00000121
00000000
0443FF04
00000000
00000000
04434000
00007A00
00000001
0201D100
0000002C
00004000
00010000
40400000
00000000
80000000
00000000
00000000
02000000
00000081
00000018
0201D104
00000002
00010000
00000000
00000000
0201D20C
00000008
00000000
045340D0
007A0000
00000000
045340D4
00000009
00000000
045340E0
4B252221
00000000
045340E4
1A2D2C4F
00000000
0453FF00
00000121
00000000
0453FF04
00000000
00000000
04534000
00007A00
00000001
0201D0E0
0000002C
00004000
00010000
40480000
00000000
80000000
00000000
00000000
02000000
00000081
00000018
0201D0E4
00000002
00010000
00000000
00000000
0201D20C
00000007
00000000
063340D0
007A0000
00000000
063340D4
0000000A
00000000
063340E0
4B252221
00000000
063340E4
1A2D2C4F
00000000
0633FF00
00000121
00000000
0633FF04
00000000
00000000
06334000
00007A00
00000001
0201D0C0
0000002C
00004000
00010000
40500000
00000000
80000000
00000000
00000000
02000000
00000081
00000018
0201D0C4
00000002
00010000
00000000
00000000
0201D20C
00000006
00000000
064340D0
007A0000
00000000
064340D4
0000000B
00000000
064340E0
4B252221
00000000
064340E4
1A2D2C4F
00000000
0643FF00
00000121
00000000
0643FF04
00000000
00000000
06434000
00007A00
00000001
0201D0A0
0000002C
00004000
00010000
40580000
00000000
80000000
00000000
00000000
02000000
00000081
00000018
0201D0A4
00000002
00010000
00000000
00000000
0201D20C
00000005
00000000
065340D0
007A0000
00000000
065340D4
0000000C
00000000
065340E0
4B252221
00000000
065340E4
1A2D2C4F
00000000
0653FF00
00000121
00000000
0653FF04
00000000
00000000
06534000
00007A00
00000001
0201D080
0000002C
00004000
00010000
40600000
00000000
80000000
00000000
00000000
02000000
00000081
00000018
0201D084
00000002
00010000
00000000
00000000
0201D20C
00000004
00000000
02034000
00007F00
00000000
0203404C
0000007F
00000000
02034008
0000007F
00000001
0201D020
0000002C
00018030
00000000
00000000
00000000
80000000
00000000
00000000
02000000
00000081
00000018
0201D024
00000000
00000000
00000000
00000000
0201D214
00000001
00000001
0001D040
0000002C
00002D00
00000000
00000000
00000000
80000000
00000000
00000000
02000000
00000081
00000018
0001D044
00000001
00000000
00000000
00000000
0001D214
00000002
00000001
0601D060
0000002C
00002D00
00000000
00000000
00000000
80000000
00000000
00000000
02000000
00000081
00000018
0601D064
00000002
00000000
00000000
00000000
0601D214
00000003
00000001
0201D000
0000002C
00008000
00000000
00000000
00000000
80000000
00000000
00000000
02000000
00000081
00000018
0201D004
00000003
00000000
00000000
00000003
0201D200
00000F00
00000F00
00000000
0201D204
80000000
00000080
00000010
00010000
00010100
