06030001
00000104
0000000E
00000170
00000001
0401D020
0000002C
00006000
00000000
00000000
00000000
80000000
00000000
00000000
02000000
00000081
00000018
0401D024
00000000
00000000
00000000
00000000
0401D214
00000001
00000001
0001D040
0000002C
00002D05
00000000
00000000
00000000
80000000
00000000
00000000
02000000
00000081
00000018
0001D044
00000001
00000000
00000000
00000000
0001D214
00000002
00000001
0601D060
0000002C
00002D05
00000000
00000000
00000000
80000000
00000000
00000000
02000000
00000081
00000018
0601D064
00000002
00000000
00000000
00000000
0601D214
00000003
00000001
0401D000
0000002C
00002000
00000000
00000000
00000000
80000000
00000000
00000000
02000000
00000081
00000018
0401D004
00000003
00000000
00000000
00000003
0401D200
00000F00
00000F00
00000000
0401D204
80000000
00000080
00000010
00020000
00010100
